Minimum:            368.59
Maximum:            491.37
Mean:               439.99033
Standard Deviation: 17.276555616356667

Decile1:            368.59
Decile2:            418.683
Decile3:            426.20599999999996
Decile4:            430.16700000000003
Decile5:            435.15
Decile6:            439.39
Decile7:            443.974
Decile8:            449.09299999999996
Decile9:            455.14
Decile10:           462.47200000000004

Sucsessful:         3
Acceptable:         203
Failed:             794
