Minimum:            385.02
Maximum:            498.43
Mean:               438.8932
Standard Deviation: 16.364671063575308

Decile1:            385.02
Decile2:            417.02799999999996
Decile3:            425.1
Decile4:            430.337
Decile5:            434.876
Decile6:            439.185
Decile7:            443.298
Decile8:            447.673
Decile9:            453.31
Decile10:           459.693

Sucsessful:         2
Acceptable:         230
Failed:             768
