Minimum:            266.16
Maximum:            392.06
Mean:               318.2224
Standard Deviation: 18.092555225688677

Decile1:            266.16
Decile2:            295.22400000000005
Decile3:            303.128
Decile4:            308.881
Decile5:            313.478
Decile6:            317.975
Decile7:            322.678
Decile8:            326.88599999999997
Decile9:            332.622
Decile10:           341.227

Sucsessful:         999
Acceptable:         1
Failed:             0
