Minimum:            335.82
Maximum:            423.32
Mean:               376.9445
Standard Deviation: 14.4638997488902

Decile1:            335.82
Decile2:            359.12
Decile3:            364.656
Decile4:            369.767
Decile5:            373.216
Decile6:            376.735
Decile7:            380.52
Decile8:            384.32599999999996
Decile9:            389.16
Decile10:           395.629

Sucsessful:         807
Acceptable:         193
Failed:             0
