Minimum:            373.14
Maximum:            482.07
Mean:               439.42306
Standard Deviation: 16.947032393411636

Decile1:            373.14
Decile2:            417.186
Decile3:            425.32
Decile4:            430.894
Decile5:            435.166
Decile6:            439.915
Decile7:            444.406
Decile8:            448.733
Decile9:            454.266
Decile10:           460.715

Sucsessful:         2
Acceptable:         222
Failed:             776
